
--------------NEW TEST-----------------

Q:PushPop
4294426.000000,4223722.000000,4276062.500000,4963789.000000,4852155.000000,:0.000000,0.000000,0.148393,0.000000,0.000000,;9478224.000000,9535979.000000,9491718.000000,9571485.000000,9525715.000000,:2.441851,2.458905,2.524989,2.120497,2.297933,;3498779.000000,3529777.250000,3747465.750000,3551186.750000,3822074.750000,:0.000000,0.000000,0.000000,0.000000,0.000000,;3017164.750000,2999517.000000,3011894.000000,3044103.000000,3019405.750000,:0.000000,0.000000,0.000000,0.000000,0.000000,;2739621.000000,2605836.000000,2898534.000000,2536172.250000,2911165.750000,:0.000000,0.000099,0.000198,0.000198,0.000099,;2596303.500000,2557898.000000,2583518.750000,2573353.500000,2569406.000000,:0.000000,0.000000,0.000000,0.000000,0.000000,;5506304.500000,10886013.000000,5633612.500000,5403536.000000,5650100.500000,:0.000000,0.000000,0.000000,0.000000,0.000000,;

4694306.500000,4675869.000000,4679720.000000,4667270.500000,4684082.000000,:0.000000,0.000000,0.000000,0.000000,0.000000,;9810751.000000,9833228.000000,9787992.000000,9818939.000000,9824148.000000,:1.123418,1.146343,1.142434,1.130439,1.134437,;4027824.250000,4793979.000000,4042936.000000,3965232.750000,4103473.250000,:0.000000,0.000000,0.000000,0.000000,0.000000,;3405809.000000,3338173.750000,3409676.000000,3336525.250000,3366958.000000,:0.000000,0.000000,0.000000,0.000000,0.000000,;2570766.750000,2931502.500000,2911369.250000,2879421.250000,2863376.750000,:0.000091,0.000182,0.000273,0.000182,0.000182,;3149586.500000,2612187.000000,2586699.750000,2580046.000000,2576310.250000,:0.000000,0.000000,0.000000,0.000000,0.000000,;5758809.500000,5557778.500000,5408943.000000,5645698.500000,5898313.000000,:0.000000,0.000000,0.000000,0.000000,0.000000,;


Q:RandSingleOps
8297929.000000,8316285.000000,8234926.000000,8241849.000000,8302751.500000,:0.000000,0.000000,0.000000,0.000000,0.000000,;8321267.500000,8479319.000000,8494878.000000,8512232.000000,8505861.000000,:0.000000,0.000000,0.000000,0.000000,0.000000,;14432097.000000,14398433.000000,14418363.000000,14396775.000000,14422522.000000,:0.000000,0.000000,0.000000,0.000000,0.000000,;10956743.000000,10954102.000000,10975985.000000,10974780.000000,10944272.000000,:0.000000,0.000000,0.000000,0.000000,0.000000,;6911710.000000,6905791.000000,6919840.500000,6934235.500000,6903598.000000,:0.000000,0.000000,0.000000,0.000000,0.000000,;7098441.000000,6986460.000000,7024840.000000,7093909.000000,7021979.000000,:0.000000,0.000000,0.000000,0.000000,0.000000,;8831270.000000,8827372.000000,8816787.000000,8576918.000000,8768238.000000,:0.000000,0.000000,0.000000,0.000000,0.000000,;
5466930.500000,5443628.500000,5463167.500000,5471986.000000,5458455.500000,:7.853189,7.892181,7.793545,7.784537,7.853610,;7760902.000000,7754282.500000,7770370.000000,7779437.500000,7753981.500000,:3.096591,3.102634,3.091943,3.096034,3.065436,;3605305.500000,3589414.000000,3643996.250000,3628302.250000,3634989.000000,:0.000000,0.000000,0.000000,0.000000,0.000000,;2982003.500000,2980395.000000,2993617.500000,2989089.750000,3016009.000000,:0.000000,0.000000,0.000000,0.000000,0.000000,;3836488.750000,3829085.000000,3607972.250000,3822089.500000,3743649.750000,:3.148071,3.165807,3.481176,3.134138,3.179731,;2476326.250000,2475480.250000,2488546.500000,2470758.500000,2479992.750000,:0.000000,0.000000,0.000000,0.000000,0.000000,;4775344.000000,4364696.500000,4733391.500000,4771971.500000,4361993.000000,:1.077569,1.986187,0.942226,1.008828,1.306179,;
6580289.500000,6623657.000000,6610944.000000,6590828.000000,6593638.500000,:8.863108,8.752376,8.738515,8.793766,8.795921,;8095942.500000,8099549.000000,8095199.500000,8095483.500000,8108787.500000,:2.270030,2.290715,2.283102,2.273330,2.268793,;8534972.000000,9056768.000000,9263262.000000,8366124.000000,7685036.500000,:0.000000,0.000000,0.000000,0.000000,0.000000,;6554683.500000,6283538.500000,6365521.000000,6417043.500000,6638167.000000,:0.000000,0.000000,0.000000,0.000000,0.000000,;3761623.500000,3729909.750000,3690377.250000,3722860.250000,3766175.750000,:3.765548,3.798981,3.806667,3.807282,3.747269,;5350960.500000,5334414.500000,5018896.000000,5312706.000000,5366006.500000,:0.000000,0.000000,0.000000,0.000000,0.000000,;2939447.500000,2877615.000000,2961056.250000,2961962.500000,2877112.750000,:30.546053,31.477770,30.186808,30.268482,30.629688,;
6512628.500000,6655515.000000,6575349.500000,6591740.500000,6595088.000000,:7.052892,7.022163,6.881114,6.844034,6.982302,;7574753.500000,7706505.500000,7743174.500000,7765171.000000,7781849.000000,:2.301062,2.289101,2.297393,2.296154,2.287926,;12482862.000000,11735184.000000,12965264.000000,12699649.000000,12572528.000000,:0.000000,0.000000,0.000000,0.000000,0.000000,;12420509.000000,12250898.000000,11900205.000000,12341540.000000,11310874.000000,:0.000000,0.000000,0.000000,0.000000,0.000000,;3142025.750000,3103832.500000,3238204.000000,3196810.000000,3247245.250000,:3.796177,3.891068,3.731980,3.809558,3.701453,;10955462.000000,10865609.000000,10379922.000000,11132138.000000,10329618.000000,:0.000000,0.000000,0.000000,0.000000,0.000000,;1909563.125000,1946833.875000,1940275.125000,1921893.000000,1904646.375000,:57.290878,56.916183,56.847351,57.031929,57.343880,;
5950574.500000,6018368.000000,6042073.000000,6016123.000000,6033562.500000,:6.574685,6.666624,6.595314,6.674831,6.549908,;6775430.000000,6797614.000000,6789414.000000,6769335.000000,6783570.000000,:2.399679,2.392151,2.396549,2.390787,2.389359,;12710554.000000,12293335.000000,12577245.000000,12802422.000000,12812719.000000,:0.000000,0.000000,0.000000,0.000000,0.000000,;12788778.000000,12640378.000000,12044404.000000,13181290.000000,12412937.000000,:0.000000,0.000000,0.000000,0.000000,0.000000,;2499281.500000,2567378.750000,2087844.375000,2550348.000000,2075639.500000,:4.280418,4.208816,5.035250,4.197541,5.034470,;13072047.000000,12325762.000000,11785550.000000,12141620.000000,12187228.000000,:0.000000,0.000000,0.000000,0.000000,0.000000,;1659933.750000,1643743.500000,1655002.250000,1617749.750000,1644603.125000,:68.112053,68.363892,68.145340,68.726692,68.173859,;

8310756.000000,8230046.500000,8237775.000000,8238454.000000,8190947.500000,:0.000000,0.000000,0.000000,0.000000,0.000000,;8413259.000000,8482196.000000,8511942.000000,8503401.000000,8494589.000000,:0.000000,0.000000,0.000000,0.000000,0.000000,;14415869.000000,14420858.000000,14405486.000000,14432514.000000,14443770.000000,:0.000000,0.000000,0.000000,0.000000,0.000000,;11011033.000000,10991668.000000,10978153.000000,11006428.000000,10959385.000000,:0.000000,0.000000,0.000000,0.000000,0.000000,;6804387.500000,6902359.000000,6937218.000000,6921948.000000,6910659.000000,:0.000000,0.000000,0.000000,0.000000,0.000000,;7045727.000000,7077341.000000,7066339.000000,7079746.500000,6952362.500000,:0.000000,0.000000,0.000000,0.000000,0.000000,;8803747.000000,8793373.000000,8813990.000000,8802352.000000,8802197.000000,:0.000000,0.000000,0.000000,0.000000,0.000000,;
5624645.000000,5456162.500000,5481825.000000,5465108.000000,5454347.000000,:6.818118,7.383396,7.303865,7.333852,7.300897,;7757410.500000,7748814.500000,7740118.000000,7759035.500000,7710397.500000,:2.835181,2.853459,2.845479,2.856290,2.885450,;4112467.750000,3966208.000000,4186290.000000,4208453.000000,3968049.250000,:0.000000,0.000000,0.000000,0.000000,0.000000,;3249866.000000,3248514.500000,3230089.000000,3219191.500000,3213791.000000,:0.000000,0.000000,0.000000,0.000000,0.000000,;3683214.000000,3718370.500000,3685929.250000,3729645.500000,3734562.250000,:3.026542,2.982409,2.962639,2.902766,2.926244,;2475076.000000,2280189.750000,2295025.500000,2284800.250000,2276126.000000,:0.000000,0.000000,0.000000,0.000000,0.000000,;4335592.000000,4330110.500000,4659875.500000,4672067.500000,4340824.000000,:1.638348,1.467331,1.303157,1.271090,1.504915,;
6633118.000000,6617389.000000,6589525.500000,6640532.500000,6588092.500000,:8.535092,8.417306,8.530882,8.253867,7.968776,;8032343.500000,8028281.000000,8007409.500000,8038090.000000,8043736.500000,:2.325842,2.327658,2.337443,2.323257,2.310976,;9528135.000000,9317436.000000,9647884.000000,8633367.000000,8923711.000000,:0.000000,0.000000,0.000000,0.000000,0.000000,;5997493.000000,6103689.500000,6135546.500000,6007172.500000,6013289.500000,:0.000000,0.000000,0.000000,0.000000,0.000000,;3708281.750000,3709501.500000,3769748.750000,3769180.500000,3680855.250000,:3.628451,3.721894,3.543291,3.658282,3.701647,;5218353.500000,5263028.500000,5135693.500000,5225270.000000,5099890.000000,:0.000000,0.000000,0.000000,0.000000,0.000000,;3027431.500000,2950929.000000,2938344.750000,2947302.250000,2938615.250000,:28.564022,29.626959,29.819319,29.712643,29.628334,;
6610536.000000,6655877.000000,6667881.500000,6651051.500000,6663490.500000,:6.865693,6.893229,6.823143,6.936112,6.972800,;7730195.500000,7773742.500000,7711220.000000,7733105.000000,7692031.500000,:2.279593,2.264625,2.273800,2.269855,2.266645,;13881819.000000,14402028.000000,13453247.000000,13925928.000000,13694378.000000,:0.000000,0.000000,0.000000,0.000000,0.000000,;14217807.000000,13355266.000000,13632491.000000,13500469.000000,12719005.000000,:0.000000,0.000000,0.000000,0.000000,0.000000,;3404825.250000,3399375.750000,3334485.500000,3369471.000000,3411122.000000,:3.509960,3.512799,3.517743,3.534221,3.484876,;10997289.000000,11128257.000000,11699099.000000,10813051.000000,10151597.000000,:0.000000,0.000000,0.000000,0.000000,0.000000,;1930849.875000,1956339.125000,1946561.000000,1927824.250000,1918054.375000,:56.579609,56.172180,56.582825,56.748707,56.812397,;
6050697.000000,6060153.000000,6037112.000000,6007309.000000,5938375.500000,:6.520129,6.590991,6.643457,6.441445,6.430776,;6749030.000000,6720109.000000,6773808.000000,6771851.000000,6782118.500000,:2.379170,2.379631,2.374499,2.375661,2.363574,;14482119.000000,13988579.000000,13875099.000000,13183510.000000,13106807.000000,:0.000000,0.000000,0.000000,0.000000,0.000000,;13023622.000000,12804862.000000,13622102.000000,12879148.000000,12970524.000000,:0.000000,0.000000,0.000000,0.000000,0.000000,;2760266.250000,2789956.250000,2573218.750000,2756401.250000,2677686.000000,:3.885822,3.852067,4.129733,3.898865,3.974394,;12946939.000000,12205243.000000,12069003.000000,12073390.000000,12264337.000000,:0.000000,0.000000,0.000000,0.000000,0.000000,;1663092.500000,1666041.625000,1667795.250000,1630621.125000,1669725.000000,:67.803528,67.853790,67.797646,68.269287,68.021980,;

